0.000000000000000000e+00 3.759999999999999432e+02 1.118553377293767880e+03
5.000000000000000104e-03 3.760511374235491076e+02 1.118553377293767880e+03
1.004999999999999893e+00 3.759999999999999432e+02 1.118553377293767880e+03
2.004999999999999893e+00 3.759999999999999432e+02 1.118553377293767880e+03
3.004999999999999893e+00 3.759999999999999432e+02 1.118553377293767880e+03
4.004999999999999893e+00 3.759999999999999432e+02 1.118553377293767880e+03
5.004999999999999893e+00 3.759999999999999432e+02 1.118553377293767880e+03
6.004999999999999893e+00 3.759577747210701659e+02 1.118553377293767880e+03
7.004999999999999893e+00 3.759345622612415809e+02 1.118553377293767880e+03
8.004999999999999005e+00 3.759577747210701659e+02 1.118553377293767880e+03
9.005000000000000782e+00 3.759999999999999432e+02 1.118553377293767880e+03
1.000500000000000078e+01 3.760511374235491076e+02 1.118553377293767880e+03
1.100499999999999901e+01 3.759577747210701659e+02 1.118553377293767880e+03
1.200500000000000078e+01 3.759577747210701659e+02 1.118553377293767880e+03
1.300499999999999901e+01 3.760511374235491076e+02 1.118553377293767880e+03
1.400500000000000078e+01 3.759577747210701659e+02 1.118553377293767880e+03
1.500499999999999901e+01 3.758683600096674127e+02 1.118553377293767880e+03
1.600499999999999901e+01 3.760315659862571920e+02 1.118553377293767880e+03
1.700499999999999901e+01 3.759999999999999432e+02 1.118553377293767880e+03
1.800499999999999901e+01 3.760315659862571920e+02 1.118553377293767880e+03
1.900499999999999901e+01 3.760511374235491076e+02 1.118553377293767880e+03
2.000499999999999901e+01 3.759999999999999432e+02 1.118553377293767880e+03
2.100499999999999901e+01 3.760315659862571920e+02 1.118553377293767880e+03
2.200499999999999901e+01 3.760315659862571920e+02 1.118553377293767880e+03
2.300499999999999901e+01 3.759999999999999432e+02 1.118553377293767880e+03
2.400500000000000256e+01 3.761277011956333922e+02 1.118553377293767880e+03
2.500499999999999901e+01 3.759999999999999432e+02 1.118553377293767880e+03
2.600499999999999901e+01 3.761277011956333922e+02 1.118553377293767880e+03
2.700500000000000256e+01 3.761277011956333922e+02 1.118553377293767880e+03
2.800500000000000256e+01 3.761577747210702114e+02 1.118553377293767880e+03
2.900499999999999901e+01 3.762487577266952030e+02 1.118553377293767880e+03
3.000499999999999901e+01 3.762487577266952030e+02 1.118553377293767880e+03
3.100499999999999901e+01 3.762225397255342045e+02 1.118553377293767880e+03
3.200500000000000256e+01 3.761577747210702114e+02 1.118553377293767880e+03
3.300500000000000256e+01 3.759577747210701659e+02 1.118553377293767880e+03
3.400500000000000256e+01 3.757769983146657751e+02 1.118553377293767880e+03
3.500499999999999545e+01 3.756975945555115004e+02 1.118553377293767880e+03
3.600499999999999545e+01 3.752545522643692948e+02 1.117972038430116754e+03
3.700499999999999545e+01 3.753069416190898551e+02 1.116965151085177240e+03
3.800500000000000256e+01 3.748577747210702000e+02 1.115880381498637234e+03
3.900500000000000256e+01 3.745778644089724025e+02 1.114778162974806719e+03
4.000500000000000256e+01 3.745778644089724025e+02 1.113708624607042566e+03
4.100500000000000256e+01 3.742616993097753948e+02 1.112579092960073012e+03
4.200499999999999545e+01 3.740055434672297565e+02 1.111399825819641364e+03
4.300499999999999545e+01 3.736896823555364335e+02 1.110285531213038894e+03
4.400500000000000256e+01 3.732060390283797915e+02 1.109130187588360741e+03
4.500500000000000256e+01 3.729344686396973430e+02 1.107858739932407616e+03
4.600500000000000256e+01 3.726205918972612494e+02 1.106590033064715271e+03
4.700500000000000256e+01 3.721299012725895636e+02 1.105363407436223497e+03
4.800499999999999545e+01 3.720315314274345155e+02 1.103998298220211382e+03
4.900499999999999545e+01 3.714233063164828081e+02 1.102571725129067772e+03
5.000500000000000256e+01 3.710447460034599771e+02 1.101248894068371101e+03
5.100500000000000256e+01 3.706342425068511943e+02 1.099800822661815801e+03
5.200500000000000256e+01 3.701397540252414160e+02 1.098419931293459058e+03
5.300500000000000256e+01 3.697436045645690683e+02 1.097057675037909576e+03
5.400500000000000256e+01 3.694326476035216729e+02 1.095458577837637904e+03
5.500500000000000256e+01 3.686632980650780382e+02 1.093965066605965603e+03
5.600500000000000256e+01 3.684416226784642276e+02 1.092438482506704077e+03
5.700499999999999545e+01 3.676353977118102421e+02 1.090844369361007693e+03
5.800499999999999545e+01 3.668622983624436529e+02 1.089419397875921277e+03
5.900499999999999545e+01 3.665314670183979615e+02 1.087741362463202222e+03
6.000499999999999545e+01 3.657369798083278738e+02 1.086113282758446076e+03
6.100499999999999545e+01 3.649518690196907755e+02 1.084479322242866829e+03
6.200499999999999545e+01 3.646326977192602499e+02 1.082586131500815554e+03
6.300500000000000256e+01 3.633585182360447448e+02 1.080942178156686168e+03
6.400499999999999545e+01 3.627428360436354069e+02 1.079097522983124918e+03
6.500499999999999545e+01 3.623349553689190543e+02 1.077528778592315348e+03
6.600499999999999545e+01 3.613196340967086257e+02 1.075667956894013514e+03
6.700500000000000966e+01 3.608878972089785861e+02 1.073877970107355623e+03
6.800500000000000966e+01 3.605513144667589813e+02 1.071994140935048790e+03
6.900500000000000966e+01 3.593351532806565842e+02 1.069935711429347748e+03
7.000499999999999545e+01 3.588115945708271965e+02 1.068045955013592220e+03
7.100499999999999545e+01 3.583859805630626738e+02 1.066143057545084503e+03
7.200499999999999545e+01 3.572524046146263004e+02 1.064274440614884952e+03
7.300499999999999545e+01 3.567587722521192859e+02 1.062075386446975017e+03
7.400499999999999545e+01 3.561011936416162484e+02 1.060085815948109484e+03
7.500499999999999545e+01 3.553412309843620847e+02 1.058124923705147239e+03
7.600499999999999545e+01 3.547145065155737029e+02 1.056158131945982859e+03
7.700499999999999545e+01 3.539503361069122320e+02 1.053992341308968889e+03
7.800499999999999545e+01 3.532444027212905553e+02 1.051816775439209323e+03
7.900500000000000966e+01 3.527921027546229311e+02 1.049530044976049339e+03
8.000500000000000966e+01 3.518281330102689708e+02 1.047223168124608037e+03
8.100500000000000966e+01 3.511229056343879620e+02 1.045334377812485172e+03
8.200499999999999545e+01 3.503528602437939412e+02 1.042897301063439500e+03
8.300499999999999545e+01 3.494086415231020624e+02 1.040874026151899670e+03
8.400499999999999545e+01 3.482917704427705985e+02 1.038168431766304593e+03
8.500499999999999545e+01 3.476845451611466729e+02 1.035864770315844680e+03
8.600499999999999545e+01 3.466650724533570269e+02 1.033736653855184159e+03
8.700499999999999545e+01 3.457209205862433805e+02 1.031252956493785632e+03
8.800499999999999545e+01 3.450686427228569642e+02 1.029072287910939394e+03
8.900499999999999545e+01 3.443867553046483749e+02 1.026188683075796007e+03
9.000499999999999545e+01 3.433673426066372372e+02 1.023716044113982321e+03
9.100499999999999545e+01 3.427062718216377561e+02 1.021514029642288278e+03
9.200500000000000966e+01 3.421201328294685027e+02 1.018618028899510364e+03
9.300500000000000966e+01 3.408837924807895661e+02 1.016154311179638285e+03
9.400500000000000966e+01 3.399061148668034775e+02 1.013816486863232285e+03
9.500499999999999545e+01 3.391027021180370866e+02 1.011041665734743788e+03
9.600499999999999545e+01 3.385153146277306746e+02 1.008673364210979457e+03
9.700499999999999545e+01 3.373975920267461106e+02 1.005620771830473586e+03
9.800499999999999545e+01 3.366137142145724965e+02 1.002836050448705691e+03
9.900499999999999545e+01 3.366527937099926362e+02 1.000537048265865224e+03
-9.999500000000000455e+01 3.367509088926007621e+02 1.000537033708211311e+03
-9.899500000000000455e+01 3.369471111540897255e+02 1.000537033708211311e+03
-9.799500000000000455e+01 3.372413432418478010e+02 1.000537033708211311e+03
-9.699500000000000455e+01 3.373975920267461106e+02 1.000537033708211311e+03
-9.599499999999999034e+01 3.381033499094288572e+02 1.000537033708211311e+03
-9.499499999999999034e+01 3.384743363154170765e+02 1.000537033708211311e+03
-9.399499999999999034e+01 3.387885361700418798e+02 1.000537033708211311e+03
-9.299500000000000455e+01 3.393189430508247142e+02 1.000537033708211311e+03
-9.199500000000000455e+01 3.403181529088342927e+02 1.001503815099435087e+03
-9.099500000000000455e+01 3.408889426131076448e+02 1.003594103046855821e+03
-8.999500000000000455e+01 3.414186167768635869e+02 1.006165358410874774e+03
-8.899500000000000455e+01 3.422803580786394377e+02 1.009103493226708906e+03
-8.799500000000000455e+01 3.427902424766524518e+02 1.011285733041381832e+03
-8.699500000000000455e+01 3.435937340153686250e+02 1.013840171088408852e+03
-8.599500000000000455e+01 3.444948902939565869e+02 1.016000914694711810e+03
-8.499500000000000455e+01 3.451438757192100297e+02 1.018339349978363202e+03
-8.399500000000000455e+01 3.458116056029356287e+02 1.021029992688858783e+03
-8.299499999999999034e+01 3.466733674761946986e+02 1.022981255966638400e+03
-8.199499999999999034e+01 3.473796843990666048e+02 1.025402542372343532e+03
-8.099499999999999034e+01 3.482030111317656633e+02 1.027787106410658453e+03
-7.999500000000000455e+01 3.489462869646706622e+02 1.030025124908167527e+03
-7.899500000000000455e+01 3.499291121799391817e+02 1.032347710959436654e+03
-7.799500000000000455e+01 3.506725016212918149e+02 1.034269216593528199e+03
-7.699500000000000455e+01 3.514148130978171025e+02 1.036439409601539865e+03
-7.599500000000000455e+01 3.521888287647543621e+02 1.038444949848845454e+03
-7.499500000000000455e+01 3.529271863698591005e+02 1.040877915002196914e+03
-7.399500000000000455e+01 3.536493529268287261e+02 1.042730910810372507e+03
-7.299500000000000455e+01 3.543992384011763761e+02 1.044950618388763132e+03
-7.199500000000000455e+01 3.551450763665253589e+02 1.046679202910292815e+03
-7.099499999999999034e+01 3.561735192220219801e+02 1.048743097717688670e+03
-6.999499999999999034e+01 3.566134066943157563e+02 1.050594991802664026e+03
-6.899499999999999034e+01 3.573536620453401724e+02 1.052799185862146260e+03
-6.799500000000000455e+01 3.578786305248842154e+02 1.054538015376773501e+03
-6.699500000000000455e+01 3.586878271494020964e+02 1.056559476353342689e+03
-6.599500000000000455e+01 3.592957074530403929e+02 1.058236864792751476e+03
-6.499500000000000455e+01 3.596954253791475367e+02 1.060004109350051749e+03
-6.399500000000000455e+01 3.605040174853898520e+02 1.061779019503795553e+03
-6.299500000000000455e+01 3.610070627117966637e+02 1.063571830602251566e+03
-6.199499999999999744e+01 3.614076935524529404e+02 1.065406414101583323e+03
-6.099499999999999744e+01 3.623076885144299126e+02 1.066932584627854794e+03
-5.999499999999999744e+01 3.628069711727019921e+02 1.068681727923227754e+03
-5.899499999999999744e+01 3.632032717900550551e+02 1.070257786307041670e+03
-5.799499999999999744e+01 3.641957764654407583e+02 1.072015025356396791e+03
-5.699499999999999744e+01 3.642717266994646366e+02 1.073636608900780175e+03
-5.599499999999999744e+01 3.647320759835228614e+02 1.075115192950234132e+03
-5.499500000000000455e+01 3.655143031556037272e+02 1.076750629284432080e+03
-5.399500000000000455e+01 3.657518939330008152e+02 1.078160428786172133e+03
-5.299500000000000455e+01 3.663057511065471203e+02 1.079570938891099559e+03
-5.199500000000000455e+01 3.667299525356970094e+02 1.081074312301679811e+03
-5.099500000000000455e+01 3.668031507901069972e+02 1.082446150405392245e+03
-4.999499999999999744e+01 3.676993994543170743e+02 1.083932917998183257e+03
-4.899499999999999744e+01 3.680150220235357210e+02 1.085355650863694109e+03
-4.799499999999999744e+01 3.681612436247286837e+02 1.086625486553901283e+03
-4.699499999999999744e+01 3.686461266031959099e+02 1.087970174654259381e+03
-4.599500000000000455e+01 3.688395566015656186e+02 1.089291089988247222e+03
-4.499500000000000455e+01 3.691800293136775508e+02 1.090475172748588420e+03
-4.399499999999999744e+01 3.698011706934402696e+02 1.091665274254813312e+03
-4.299499999999999744e+01 3.698011706934402696e+02 1.092911659741545236e+03
-4.199499999999999744e+01 3.703725202583468672e+02 1.094068228161688239e+03
-4.099499999999999744e+01 3.709381495200884160e+02 1.095208594324687965e+03
-3.999500000000000455e+01 3.708779770853999480e+02 1.096391292983199037e+03
-3.899500000000000455e+01 3.712263322551838201e+02 1.097491520593251153e+03
-3.799500000000000455e+01 3.714409786563775242e+02 1.098507671592881934e+03
-3.699499999999999744e+01 3.715340189436378751e+02 1.099529294048984639e+03
-3.599499999999999744e+01 3.721266957856109912e+02 1.100565362815387289e+03
-3.499499999999999744e+01 3.722577747210701773e+02 1.101550422700285253e+03
-3.399499999999999744e+01 3.722577747210701773e+02 1.102488360560237652e+03
-3.299500000000000455e+01 3.727602446100024167e+02 1.103427470091943405e+03
-3.199500000000000099e+01 3.727147929229186047e+02 1.104368008627081053e+03
-3.099500000000000099e+01 3.728946557604455734e+02 1.105251784350611160e+03
-2.999500000000000099e+01 3.732479292188046998e+02 1.106083458445838232e+03
-2.899499999999999744e+01 3.732479292188046998e+02 1.106882669550007904e+03
-2.799499999999999744e+01 3.736736879322272102e+02 1.107678693382760457e+03
-2.699500000000000099e+01 3.738953015452279942e+02 1.108453219822082929e+03
-2.599500000000000099e+01 3.738123615609201238e+02 1.109193157974967789e+03
-2.499500000000000099e+01 3.742972966789435532e+02 1.109890530779645587e+03
-2.399500000000000099e+01 3.742246564504523008e+02 1.110554890621227742e+03
-2.299499999999999744e+01 3.743659516316551503e+02 1.111196308464004687e+03
-2.199500000000000099e+01 3.745801077800756502e+02 1.111823008923808402e+03
-2.099500000000000099e+01 3.745577747210701887e+02 1.112424458023942861e+03
-1.999499999999999744e+01 3.748552123020934914e+02 1.112998090672891976e+03
-1.899500000000000099e+01 3.748940088001697291e+02 1.113539193399768010e+03
-1.799500000000000099e+01 3.749767913787101179e+02 1.114050714061942699e+03
-1.699499999999999744e+01 3.750577747210701887e+02 1.114534493115925216e+03
-1.599500000000000099e+01 3.751976505022597621e+02 1.114992657878720138e+03
-1.499499999999999922e+01 3.751158822895013145e+02 1.115424871005757268e+03
-1.399499999999999922e+01 3.751699407856542621e+02 1.115831746035033348e+03
-1.299500000000000099e+01 3.753926775512617269e+02 1.116208875080555117e+03
-1.199500000000000099e+01 3.752545522643692948e+02 1.116557406679387441e+03
-1.099500000000000099e+01 3.754176308436244085e+02 1.116877355795411404e+03
-9.994999999999999218e+00 3.754953342462294472e+02 1.117168784300208699e+03
-8.995000000000000995e+00 3.754953342462294472e+02 1.117431900187605606e+03
-7.994999999999999218e+00 3.758216205749043297e+02 1.117667290558380273e+03
-6.995000000000000107e+00 3.757066389437928819e+02 1.117874886414677803e+03
-5.995000000000000107e+00 3.757818604946360210e+02 1.118054896685380072e+03
-4.995000000000000107e+00 3.759999999999999432e+02 1.118207190950890435e+03
-3.995000000000000107e+00 3.758216205749043297e+02 1.118331870006794361e+03
-2.995000000000000107e+00 3.760918836679063588e+02 1.118428856244762528e+03
-1.994999999999999885e+00 3.759999999999999432e+02 1.118498102912036757e+03
