0.000000000000000000e+00 9.928349511140176276e+01 9.931295143153771221e+01
2.804281367768568956e+00 9.930273130550284577e+01 9.931295143153771221e+01
4.205766490247814460e+00 9.932133205172226553e+01 9.931295143153771221e+01
5.607261031955785846e+00 9.932139893807831754e+01 9.931295143153771221e+01
7.008755828043841341e+00 9.933352744535534384e+01 9.931295143153771221e+01
8.410251944649814959e+00 9.933144071634320937e+01 9.931295143153771221e+01
9.811748122675261641e+00 9.935319458891464706e+01 9.931295143153771221e+01
1.121324473252189158e+01 9.936214352326099686e+01 9.931295143153771221e+01
1.261474137120206507e+01 9.936614356561366890e+01 9.931295143153771221e+01
1.401623820235576190e+01 9.938044497056802129e+01 9.931295143153771221e+01
1.541773505041486558e+01 9.935351061989884158e+01 9.931295143153771221e+01
1.681923200008873209e+01 9.941948077280271434e+01 9.931295143153771221e+01
1.822072896091394867e+01 9.923837519478830416e+01 9.931295143153771221e+01
1.962222598145850228e+01 9.909634848874759427e+01 9.931295143153771221e+01
2.102372300991887144e+01 9.893229749783853322e+01 9.931295143153771221e+01
2.242522007625692027e+01 9.881040368871160240e+01 9.931295143153771221e+01
2.382671714851592881e+01 9.843928340800472654e+01 9.931295143153771221e+01
2.522821424612067887e+01 9.815829766689789437e+01 9.861073531163640382e+01
2.662971134831556697e+01 9.802151137800144909e+01 9.833852898913238505e+01
2.803120846826164225e+01 9.789831445479585170e+01 9.810020098340224592e+01
2.943270559188174218e+01 9.772032575505448904e+01 9.786174681864530100e+01
3.083420272831102338e+01 9.744802091794799992e+01 9.786174595249856623e+01
3.223569986773774332e+01 9.682257262456451485e+01 9.786514268461301924e+01
3.363719701670459727e+01 9.672947524286655607e+01 9.786424595786050418e+01
3.503869416817356353e+01 9.667443534664991489e+01 9.630424662125872715e+01
3.644019132687811435e+01 9.656374676265583901e+01 9.602140679726821304e+01
3.784168848769453319e+01 9.573022059519155391e+01 9.601822000977566063e+01
3.924318565413054927e+01 9.563600059697971290e+01 9.601822037379913866e+01
4.064468282238100016e+01 9.484586472076563268e+01 9.587821876570632185e+01
4.204617999504424120e+01 9.406519125675293935e+01 9.397735429552884057e+01
4.344767716927587742e+01 9.402032065105731817e+01 9.397735815526306169e+01
4.484917434705504746e+01 9.399443713916014076e+01 9.397735801413972467e+01
4.625067152621630839e+01 9.393206048719952150e+01 9.396298879981186758e+01
4.765216870821797102e+01 9.392680714899344707e+01 9.396335519647563217e+01
4.905366589142835920e+01 9.206768908016930197e+01 9.193719378121204500e+01
5.045516307698564873e+01 9.206809184414728975e+01 9.193819617722938631e+01
5.185666026363056602e+01 9.204106378429683843e+01 9.194335764787128085e+01
5.325815745218288555e+01 9.011619558585766754e+01 9.194160491806556479e+01
5.465965464169523358e+01 9.010766482774552344e+01 9.008093293881456987e+01
5.606115183282278025e+01 8.833412611221841360e+01 9.008093174733610908e+01
5.746264902483139991e+01 8.829084273635054103e+01 9.007895683336117543e+01
5.886414621816750525e+01 8.825658644603197445e+01 8.801841267049420026e+01
6.026564341228692712e+01 8.826614497028847950e+01 8.801841193838816935e+01
6.166714060755393945e+01 8.803347318013419454e+01 8.803280427084123971e+01
6.306863780355235605e+01 8.623626179064331154e+01 8.801860658824860195e+01
6.447013500049806112e+01 8.621965047489089784e+01 8.599280433046320127e+01
6.587163219809508519e+01 8.625122846245102437e+01 8.598913409228737237e+01
6.727312939652057366e+01 8.456823179454349315e+01 8.412275868095775877e+01
6.867462659555977211e+01 8.438367670110964980e+01 8.410913333397591884e+01
6.949138249756434504e+01 8.437644331149053301e+01 8.411431752647064286e+01
6.984174687237351975e+01 8.437981202043164330e+01 8.411431891039984521e+01
7.000356330778529923e+01 8.435887267928139011e+01 8.411431730566235387e+01
7.000356330793999859e+01 8.437780986691846863e+01 8.411431730572770959e+01
-6.982138252949746970e+01 8.437069954988145071e+01 8.411431695934076913e+01
-6.947103487850365866e+01 8.440481318901629493e+01 8.411431695934076913e+01
-6.859316588036286078e+01 8.443369295249343054e+01 8.411431695934076913e+01
-6.719166868154844963e+01 8.445068945662838189e+01 8.411431695934076913e+01
-6.579017148339005416e+01 8.451161087428968699e+01 8.411431695934076913e+01
-6.438867428593185593e+01 8.447584641652217385e+01 8.411431695934076913e+01
-6.298717708921876124e+01 8.452122897573960358e+01 8.411431695934076913e+01
-6.158567989336094683e+01 8.461601165663009283e+01 8.411431695934076913e+01
-6.018418269829885503e+01 8.462621895503734493e+01 8.411431695934076913e+01
-5.878268550421957883e+01 8.464164935623279007e+01 8.411431695934076913e+01
-5.738118831104693385e+01 8.469427700210437138e+01 8.411431695934076913e+01
-5.597969111907978856e+01 8.475365950208065158e+01 8.411431695934076913e+01
-5.457819392810415593e+01 8.489022130630654317e+01 8.410913533584003687e+01
-5.317669673854871348e+01 8.501780930502910394e+01 8.411280296280909852e+01
-5.177519955011768360e+01 8.586132096503423838e+01 8.600275837313088800e+01
-5.037370236342361807e+01 8.668557404812972322e+01 8.599280433101638721e+01
-4.897220517798874084e+01 8.679422072197729676e+01 8.801332918071391020e+01
-4.757070799465410005e+01 8.688535354250288378e+01 8.801841327936222115e+01
-4.616921081275988570e+01 8.886628574989497054e+01 8.801841227318321614e+01
-4.476771363346386323e+01 8.902340680438733500e+01 8.993841183244981607e+01
-4.336621645580719075e+01 8.919457240788881336e+01 9.008340436638030724e+01
-4.196471928135393625e+01 9.069311870001986620e+01 9.008340552061238782e+01
-4.056322210881215540e+01 9.072472295276376997e+01 9.008093180851403758e+01
-3.916172494032526430e+01 9.111846082538242797e+01 9.194335668591045874e+01
-3.776022777406587494e+01 9.267598417000222355e+01 9.193819603222051740e+01
-3.635873061294937258e+01 9.296293411578002974e+01 9.215719366985868533e+01
-3.495723345448347885e+01 9.388155088178409358e+01 9.395863818079399721e+01
-3.355573630269751817e+01 9.461778055071353322e+01 9.396298857721961895e+01
-3.215423915409400735e+01 9.474858987765104246e+01 9.397735729834984397e+01
-3.075274201427551901e+01 9.503216400670656583e+01 9.397735727651091509e+01
-2.935124487837045848e+01 9.591200892905216335e+01 9.423735773820629902e+01
-2.794974775434616276e+01 9.657664466068639797e+01 9.587735325903926764e+01
-2.654825063522324413e+01 9.700095749298503733e+01 9.601821989933270629e+01
-2.514675353254367707e+01 9.751184193301538983e+01 9.601821994082337142e+01
-2.374525643619155346e+01 9.763279678780966719e+01 9.601822014993059895e+01
-2.234375936343173308e+01 9.788424819070338856e+01 9.629174946654913470e+01
-2.094226229912687032e+01 9.806139277101459584e+01 9.680424665845551147e+01
-1.954076527009940989e+01 9.822222093109373020e+01 9.785737131947176692e+01
-1.813926825291654765e+01 9.835366888631779148e+01 9.785623237091463977e+01
-1.673777129150098730e+01 9.856774551363773185e+01 9.786174561213465495e+01
-1.533627434778395404e+01 9.874252026629406487e+01 9.810020104448571487e+01
-1.393477749907143881e+01 9.877273068788416310e+01 9.810020278544807582e+01
-1.253328067943443536e+01 9.895653479002595532e+01 9.833852686006409272e+01
-1.113178404006563049e+01 9.900910969022265817e+01 9.861073585830696686e+01
-9.730287456309783423e+00 9.911406180934238819e+01 9.884979656236728829e+01
-8.328791277539320248e+00 9.910060946717571539e+01 9.884876998838207385e+01
-6.927295240538995813e+00 9.917532445165596755e+01 9.912011488689081773e+01
-5.525800443643181126e+00 9.923849456095308597e+01 9.912063826252519050e+01
-4.124306463596201233e+00 9.928854312304568452e+01 9.919457361985335808e+01
-2.722821339910278304e+00 9.931375714136802912e+01 9.926098839713674238e+01
-1.367791302677590748e+00 9.935807131034256656e+01 9.929989965804487895e+01
-6.670253601292962520e-01 9.943093301659351368e+01 9.930984856305191499e+01
