0.000000000000000000e+00 3.759999999999999432e+02 3.769177791035222072e+02
5.000000000000000104e-03 3.760511374235491076e+02 3.769177791035222072e+02
1.004999999999999893e+00 3.759999999999999432e+02 3.769177791035222072e+02
2.004999999999999893e+00 3.759999999999999432e+02 3.769177791035222072e+02
3.004999999999999893e+00 3.759999999999999432e+02 3.769177791035222072e+02
4.004999999999999893e+00 3.759999999999999432e+02 3.769177791035222072e+02
5.004999999999999893e+00 3.759999999999999432e+02 3.769177791035222072e+02
6.004999999999999893e+00 3.759577747210701659e+02 3.769177791035222072e+02
7.004999999999999893e+00 3.759345622612415809e+02 3.769177791035222072e+02
8.004999999999999005e+00 3.759577747210701659e+02 3.769177791035222072e+02
9.005000000000000782e+00 3.759999999999999432e+02 3.769177791035222072e+02
1.000500000000000078e+01 3.760511374235491076e+02 3.769177791035222072e+02
1.100499999999999901e+01 3.759577747210701659e+02 3.769177791035222072e+02
1.200500000000000078e+01 3.759577747210701659e+02 3.769177791035222072e+02
1.300499999999999901e+01 3.760511374235491076e+02 3.769177791035222072e+02
1.400500000000000078e+01 3.759577747210701659e+02 3.769177791035222072e+02
1.500499999999999901e+01 3.758683600096674127e+02 3.769177791035222072e+02
1.600499999999999901e+01 3.760315659862571920e+02 3.769177791035222072e+02
1.700499999999999901e+01 3.759999999999999432e+02 3.769177791035222072e+02
1.800499999999999901e+01 3.760315659862571920e+02 3.769177791035222072e+02
1.900499999999999901e+01 3.760511374235491076e+02 3.769177791035222072e+02
2.000499999999999901e+01 3.759999999999999432e+02 3.769177791035222072e+02
2.100499999999999901e+01 3.760315659862571920e+02 3.769177791035222072e+02
2.200499999999999901e+01 3.760315659862571920e+02 3.769177791035222072e+02
2.300499999999999901e+01 3.759999999999999432e+02 3.769177791035222072e+02
2.400500000000000256e+01 3.761277011956333922e+02 3.769177791035222072e+02
2.500499999999999901e+01 3.759999999999999432e+02 3.769177791035222072e+02
2.600499999999999901e+01 3.761277011956333922e+02 3.769177791035222072e+02
2.700500000000000256e+01 3.761277011956333922e+02 3.769177791035222072e+02
2.800500000000000256e+01 3.761577747210702114e+02 3.769177791035222072e+02
2.900499999999999901e+01 3.762487577266952030e+02 3.769177791035222072e+02
3.000499999999999901e+01 3.762487577266952030e+02 3.769177791035222072e+02
3.100499999999999901e+01 3.762225397255342045e+02 3.769177791035222072e+02
3.200500000000000256e+01 3.761577747210702114e+02 3.769177791035222072e+02
3.300500000000000256e+01 3.759577747210701659e+02 3.766171748264400208e+02
3.400500000000000256e+01 3.757769983146657751e+02 3.763208324815806805e+02
3.500499999999999545e+01 3.756975945555115004e+02 3.759668122723255124e+02
3.600499999999999545e+01 3.752545522643692948e+02 3.756396495124753301e+02
3.700499999999999545e+01 3.753069416190898551e+02 3.752858774417711629e+02
3.800500000000000256e+01 3.748577747210702000e+02 3.749429185617204894e+02
3.900500000000000256e+01 3.745778644089724025e+02 3.745864397984394714e+02
4.000500000000000256e+01 3.745778644089724025e+02 3.742091563455136338e+02
4.100500000000000256e+01 3.742616993097753948e+02 3.737754646206008715e+02
4.200499999999999545e+01 3.740055434672297565e+02 3.734077132600491495e+02
4.300499999999999545e+01 3.736896823555364335e+02 3.730941184680572178e+02
4.400500000000000256e+01 3.732060390283797915e+02 3.726433028853102201e+02
4.500500000000000256e+01 3.729344686396973430e+02 3.721944940135342677e+02
4.600500000000000256e+01 3.726205918972612494e+02 3.717465990578004380e+02
4.700500000000000256e+01 3.721299012725895636e+02 3.712884256975372637e+02
4.800499999999999545e+01 3.720315314274345155e+02 3.708613337703499155e+02
4.900499999999999545e+01 3.714233063164828081e+02 3.704308947725338612e+02
5.000500000000000256e+01 3.710447460034599771e+02 3.699872578327065185e+02
5.100500000000000256e+01 3.706342425068511943e+02 3.694453084661883508e+02
5.200500000000000256e+01 3.701397540252414160e+02 3.689453872350185861e+02
5.300500000000000256e+01 3.697436045645690683e+02 3.684856530448124659e+02
5.400500000000000256e+01 3.694326476035216729e+02 3.679811515346592614e+02
5.500500000000000256e+01 3.686632980650780382e+02 3.674455938319308643e+02
5.600500000000000256e+01 3.684416226784642276e+02 3.669505838016387429e+02
5.700499999999999545e+01 3.676353977118102421e+02 3.664272469441143016e+02
5.800499999999999545e+01 3.668622983624436529e+02 3.659041743975963641e+02
5.900499999999999545e+01 3.665314670183979615e+02 3.652504542014792719e+02
6.000499999999999545e+01 3.657369798083278738e+02 3.647367962516348712e+02
6.100499999999999545e+01 3.649518690196907755e+02 3.642306704534438495e+02
6.200499999999999545e+01 3.646326977192602499e+02 3.636894019361547521e+02
6.300500000000000256e+01 3.633585182360447448e+02 3.630869293893642862e+02
6.400499999999999545e+01 3.627428360436354069e+02 3.624984260607869260e+02
6.500499999999999545e+01 3.623349553689190543e+02 3.618349274030863967e+02
6.600499999999999545e+01 3.613196340967086257e+02 3.612664926081538965e+02
6.700500000000000966e+01 3.608878972089785861e+02 3.605311895198230445e+02
6.800500000000000966e+01 3.605513144667589813e+02 3.599668606453001871e+02
6.900500000000000966e+01 3.593351532806565842e+02 3.594459661659057588e+02
7.000499999999999545e+01 3.588115945708271965e+02 3.586601728530959576e+02
7.100499999999999545e+01 3.583859805630626738e+02 3.579926174582084855e+02
7.200499999999999545e+01 3.572524046146263004e+02 3.573474198129568435e+02
7.300499999999999545e+01 3.567587722521192859e+02 3.566536721576116520e+02
7.400499999999999545e+01 3.561011936416162484e+02 3.558482373234194256e+02
7.500499999999999545e+01 3.553412309843620847e+02 3.552064569329560300e+02
7.600499999999999545e+01 3.547145065155737029e+02 3.546248246090538032e+02
7.700499999999999545e+01 3.539503361069122320e+02 3.538140193939664755e+02
7.800499999999999545e+01 3.532444027212905553e+02 3.531914078706782334e+02
7.900500000000000966e+01 3.527921027546229311e+02 3.523358671618582321e+02
8.000500000000000966e+01 3.518281330102689708e+02 3.516888281726356240e+02
8.100500000000000966e+01 3.511229056343879620e+02 3.509631486385438848e+02
8.200499999999999545e+01 3.503528602437939412e+02 3.500364018131673447e+02
8.300499999999999545e+01 3.494086415231020624e+02 3.494771124726746621e+02
8.400499999999999545e+01 3.482917704427705985e+02 3.486636130778924212e+02
8.500499999999999545e+01 3.476845451611466729e+02 3.478871883369783973e+02
8.600499999999999545e+01 3.466650724533570269e+02 3.472396742340358742e+02
8.700499999999999545e+01 3.457209205862433805e+02 3.462462125535314499e+02
8.800499999999999545e+01 3.450686427228569642e+02 3.453355860062195006e+02
8.900499999999999545e+01 3.443867553046483749e+02 3.444754738990403666e+02
9.000499999999999545e+01 3.433673426066372372e+02 3.435594838331231813e+02
9.100499999999999545e+01 3.427062718216377561e+02 3.429215082695301930e+02
9.200500000000000966e+01 3.421201328294685027e+02 3.420312941956973418e+02
9.300500000000000966e+01 3.408837924807895661e+02 3.410651047628513197e+02
9.400500000000000966e+01 3.399061148668034775e+02 3.402469066725579410e+02
9.500499999999999545e+01 3.391027021180370866e+02 3.394160497908709431e+02
9.600499999999999545e+01 3.385153146277306746e+02 3.383471196711909101e+02
9.700499999999999545e+01 3.373975920267461106e+02 3.375351562860723220e+02
9.800499999999999545e+01 3.366137142145724965e+02 3.368434519235182734e+02
9.900499999999999545e+01 3.366527937099926362e+02 3.358549117796342216e+02
-9.999500000000000455e+01 3.367509088926007621e+02 3.358549117796342216e+02
-9.899500000000000455e+01 3.369471111540897255e+02 3.358549117796342216e+02
-9.799500000000000455e+01 3.372413432418478010e+02 3.358549117796342216e+02
-9.699500000000000455e+01 3.373975920267461106e+02 3.358549117796342216e+02
-9.599499999999999034e+01 3.381033499094288572e+02 3.367286474279870845e+02
-9.499499999999999034e+01 3.384743363154170765e+02 3.373365361887359199e+02
-9.399499999999999034e+01 3.387885361700418798e+02 3.383233607850291946e+02
-9.299500000000000455e+01 3.393189430508247142e+02 3.389320885938012680e+02
-9.199500000000000455e+01 3.403181529088342927e+02 3.398446903126616689e+02
-9.099500000000000455e+01 3.408889426131076448e+02 3.405467810513593463e+02
-8.999500000000000455e+01 3.414186167768635869e+02 3.414286363572812206e+02
-8.899500000000000455e+01 3.422803580786394377e+02 3.420313001452286699e+02
-8.799500000000000455e+01 3.427902424766524518e+02 3.429713594036231257e+02
-8.699500000000000455e+01 3.435937340153686250e+02 3.435174912054153538e+02
-8.599500000000000455e+01 3.444948902939565869e+02 3.443898226171388615e+02
-8.499500000000000455e+01 3.451438757192100297e+02 3.452415991162088176e+02
-8.399500000000000455e+01 3.458116056029356287e+02 3.458591122144979408e+02
-8.299499999999999034e+01 3.466733674761946986e+02 3.467259520330426881e+02
-8.199499999999999034e+01 3.473796843990666048e+02 3.473369052682957658e+02
-8.099499999999999034e+01 3.482030111317656633e+02 3.480609164492482250e+02
-7.999500000000000455e+01 3.489462869646706622e+02 3.488566101862296023e+02
-7.899500000000000455e+01 3.499291121799391817e+02 3.494771139602083281e+02
-7.799500000000000455e+01 3.506725016212918149e+02 3.500875800938501925e+02
-7.699500000000000455e+01 3.514148130978171025e+02 3.509105954560280338e+02
-7.599500000000000455e+01 3.521888287647543621e+02 3.515608167255568901e+02
-7.499500000000000455e+01 3.529271863698591005e+02 3.521258016908439004e+02
-7.399500000000000455e+01 3.536493529268287261e+02 3.528394806564407986e+02
-7.299500000000000455e+01 3.543992384011763761e+02 3.534122487487455260e+02
-7.199500000000000455e+01 3.551450763665253589e+02 3.542090198506715524e+02
-7.099499999999999034e+01 3.561735192220219801e+02 3.547076963338433870e+02
-6.999499999999999034e+01 3.566134066943157563e+02 3.552689042779289821e+02
-6.899499999999999034e+01 3.573536620453401724e+02 3.558887101083775519e+02
-6.799500000000000455e+01 3.578786305248842154e+02 3.565588636971714322e+02
-6.699500000000000455e+01 3.586878271494020964e+02 3.572023783654025237e+02
-6.599500000000000455e+01 3.592957074530403929e+02 3.578244994731212500e+02
-6.499500000000000455e+01 3.596954253791475367e+02 3.583296721784578835e+02
-6.399500000000000455e+01 3.605040174853898520e+02 3.589074465115318162e+02
-6.299500000000000455e+01 3.610070627117966637e+02 3.594492388086106303e+02
-6.199499999999999744e+01 3.614076935524529404e+02 3.599790750843753244e+02
-6.099499999999999744e+01 3.623076885144299126e+02 3.604679941923586171e+02
-5.999499999999999744e+01 3.628069711727019921e+02 3.610190329594672676e+02
-5.899499999999999744e+01 3.632032717900550551e+02 3.616106644723847694e+02
-5.799499999999999744e+01 3.641957764654407583e+02 3.620832547621369599e+02
-5.699499999999999744e+01 3.642717266994646366e+02 3.626257475071590193e+02
-5.599499999999999744e+01 3.647320759835228614e+02 3.631191228912603037e+02
-5.499500000000000455e+01 3.655143031556037272e+02 3.636209074549960292e+02
-5.399500000000000455e+01 3.657518939330008152e+02 3.640840651184969374e+02
-5.299500000000000455e+01 3.663057511065471203e+02 3.645537801359009222e+02
-5.199500000000000455e+01 3.667299525356970094e+02 3.650185247910274597e+02
-5.099500000000000455e+01 3.668031507901069972e+02 3.653669010033539166e+02
-4.999499999999999744e+01 3.676993994543170743e+02 3.658949018058419256e+02
-4.899499999999999744e+01 3.680150220235357210e+02 3.663203034944340288e+02
-4.799499999999999744e+01 3.681612436247286837e+02 3.667501394977414861e+02
-4.699499999999999744e+01 3.686461266031959099e+02 3.671521180278856491e+02
-4.599500000000000455e+01 3.688395566015656186e+02 3.675231925764512084e+02
-4.499500000000000455e+01 3.691800293136775508e+02 3.679638210556972240e+02
-4.399499999999999744e+01 3.698011706934402696e+02 3.683444058864066051e+02
-4.299499999999999744e+01 3.698011706934402696e+02 3.688070368904000134e+02
-4.199499999999999744e+01 3.703725202583468672e+02 3.690633910417442394e+02
-4.099499999999999744e+01 3.709381495200884160e+02 3.694505070351821701e+02
-3.999500000000000455e+01 3.708779770853999480e+02 3.698445658267441445e+02
-3.899500000000000455e+01 3.712263322551838201e+02 3.702019031281803336e+02
-3.799500000000000455e+01 3.714409786563775242e+02 3.705294303077493510e+02
-3.699499999999999744e+01 3.715340189436378751e+02 3.708533463753111619e+02
-3.599499999999999744e+01 3.721266957856109912e+02 3.711948738681932127e+02
-3.499499999999999744e+01 3.722577747210701773e+02 3.715161397286517513e+02
-3.399499999999999744e+01 3.722577747210701773e+02 3.717924209510521223e+02
-3.299500000000000455e+01 3.727602446100024167e+02 3.721299364086565333e+02
-3.199500000000000099e+01 3.727147929229186047e+02 3.723591690263157261e+02
-3.099500000000000099e+01 3.728946557604455734e+02 3.726763735758776761e+02
-2.999500000000000099e+01 3.732479292188046998e+02 3.729121760518036695e+02
-2.899499999999999744e+01 3.732479292188046998e+02 3.731939806884534505e+02
-2.799499999999999744e+01 3.736736879322272102e+02 3.734513797342925727e+02
-2.699500000000000099e+01 3.738953015452279942e+02 3.736923752630124227e+02
-2.599500000000000099e+01 3.738123615609201238e+02 3.739056901764678855e+02
-2.499500000000000099e+01 3.742972966789435532e+02 3.741566770360874443e+02
-2.399500000000000099e+01 3.742246564504523008e+02 3.743668900671238475e+02
-2.299499999999999744e+01 3.743659516316551503e+02 3.745769480420274249e+02
-2.199500000000000099e+01 3.745801077800756502e+02 3.747799311593377070e+02
-2.099500000000000099e+01 3.745577747210701887e+02 3.749637198512205600e+02
-1.999499999999999744e+01 3.748552123020934914e+02 3.751445079953390973e+02
-1.899500000000000099e+01 3.748940088001697291e+02 3.753149432824286578e+02
-1.799500000000000099e+01 3.749767913787101179e+02 3.754815001027158132e+02
-1.699499999999999744e+01 3.750577747210701887e+02 3.756361143333558630e+02
-1.599500000000000099e+01 3.751976505022597621e+02 3.757889978713442929e+02
-1.499499999999999922e+01 3.751158822895013145e+02 3.759253282875955620e+02
-1.399499999999999922e+01 3.751699407856542621e+02 3.760468813857240207e+02
-1.299500000000000099e+01 3.753926775512617269e+02 3.761666257509511979e+02
-1.199500000000000099e+01 3.752545522643692948e+02 3.762811523543226713e+02
-1.099500000000000099e+01 3.754176308436244085e+02 3.763827270698554344e+02
-9.994999999999999218e+00 3.754953342462294472e+02 3.764740437670423034e+02
-8.995000000000000995e+00 3.754953342462294472e+02 3.765583084639246181e+02
-7.994999999999999218e+00 3.758216205749043297e+02 3.766337287412674755e+02
-6.995000000000000107e+00 3.757066389437928819e+02 3.767008049215633037e+02
-5.995000000000000107e+00 3.757818604946360210e+02 3.767583848539119913e+02
-4.995000000000000107e+00 3.759999999999999432e+02 3.768070990852123145e+02
-3.995000000000000107e+00 3.758216205749043297e+02 3.768469728824384219e+02
-2.995000000000000107e+00 3.760918836679063588e+02 3.768779727058305866e+02
-1.994999999999999885e+00 3.759999999999999432e+02 3.769001166735312722e+02
