0.000000000000000000e+00 3.439999999999999432e+02 3.443296218328587770e+02
5.000000000000000104e-03 3.440511374235491076e+02 3.443296218328587770e+02
1.004999999999999893e+00 3.439999999999999432e+02 3.443296218328587770e+02
2.004999999999999893e+00 3.439999999999999432e+02 3.443296218328587770e+02
3.004999999999999893e+00 3.439999999999999432e+02 3.443296218328587770e+02
4.004999999999999893e+00 3.439999999999999432e+02 3.443296218328587770e+02
5.004999999999999893e+00 3.439999999999999432e+02 3.443296218328587770e+02
6.004999999999999893e+00 3.439577747210701659e+02 3.443296218328587770e+02
7.004999999999999893e+00 3.439345622612415809e+02 3.443296218328587770e+02
8.004999999999999005e+00 3.439577747210701659e+02 3.443296218328587770e+02
9.005000000000000782e+00 3.439999999999999432e+02 3.443296218328587770e+02
1.000500000000000078e+01 3.440511374235491076e+02 3.443296218328587770e+02
1.100499999999999901e+01 3.439577747210701659e+02 3.443296218328587770e+02
1.200500000000000078e+01 3.439577747210701659e+02 3.443296218328587770e+02
1.300499999999999901e+01 3.440511374235491076e+02 3.443296218328587770e+02
1.400500000000000078e+01 3.439577747210701659e+02 3.443296218328587770e+02
1.500499999999999901e+01 3.438683600096674127e+02 3.443296218328587770e+02
1.600499999999999901e+01 3.440315659862571920e+02 3.443296218328587770e+02
1.700499999999999901e+01 3.439999999999999432e+02 3.443296218328587770e+02
1.800499999999999901e+01 3.440315659862571920e+02 3.443296218328587770e+02
1.900499999999999901e+01 3.440511374235491076e+02 3.443296218328587770e+02
2.000499999999999901e+01 3.439999999999999432e+02 3.443296218328587770e+02
2.100499999999999901e+01 3.440315659862571920e+02 3.443296218328587770e+02
2.200499999999999901e+01 3.440315659862571920e+02 3.443296218328587770e+02
2.300499999999999901e+01 3.439999999999999432e+02 3.443296218328587770e+02
2.400500000000000256e+01 3.441277011956333922e+02 3.443296218328587770e+02
2.500499999999999901e+01 3.439999999999999432e+02 3.443296218328587770e+02
2.600499999999999901e+01 3.441277011956333922e+02 3.443296218328587770e+02
2.700500000000000256e+01 3.441277011956333922e+02 3.443296218328587770e+02
2.800500000000000256e+01 3.441577747210702114e+02 3.443296218328587770e+02
2.900499999999999901e+01 3.442487577266952030e+02 3.443296218328587770e+02
3.000499999999999901e+01 3.442487577266952030e+02 3.443296218328587770e+02
3.100499999999999901e+01 3.442225397255342045e+02 3.441303476866568190e+02
3.200500000000000256e+01 3.441577747210702114e+02 3.438704642909523272e+02
3.300500000000000256e+01 3.439577747210701659e+02 3.435937291932650623e+02
3.400500000000000256e+01 3.437769983146657751e+02 3.432957986779629209e+02
3.500499999999999545e+01 3.436975945555115004e+02 3.429605080548940350e+02
3.600499999999999545e+01 3.432545522643692948e+02 3.426470467116469081e+02
3.700499999999999545e+01 3.433069416190898551e+02 3.423561656712844297e+02
3.800500000000000256e+01 3.428577747210702000e+02 3.420564805787198566e+02
3.900500000000000256e+01 3.425778644089724025e+02 3.417415131998264428e+02
4.000500000000000256e+01 3.425778644089724025e+02 3.413714152176073071e+02
4.100500000000000256e+01 3.422616993097753948e+02 3.409001407904632970e+02
4.200499999999999545e+01 3.420055434672297565e+02 3.404215840321892870e+02
4.300499999999999545e+01 3.416896823555364335e+02 3.400460092997167862e+02
4.400500000000000256e+01 3.412060390283797915e+02 3.396955900331391831e+02
4.500500000000000256e+01 3.409344686396973430e+02 3.393859674874276493e+02
4.600500000000000256e+01 3.406205918972612494e+02 3.390852166217514991e+02
4.700500000000000256e+01 3.401299012725895636e+02 3.387254548462194066e+02
4.800499999999999545e+01 3.400315314274345155e+02 3.383213996919324700e+02
4.900499999999999545e+01 3.394233063164828081e+02 3.376754811487598431e+02
5.000500000000000256e+01 3.390447460034599771e+02 3.372688035970005558e+02
5.100500000000000256e+01 3.386342425068511943e+02 3.369309862455970119e+02
5.200500000000000256e+01 3.381397540252414160e+02 3.365593334762985478e+02
5.300500000000000256e+01 3.377436045645690683e+02 3.361159508245194161e+02
5.400500000000000256e+01 3.374326476035216729e+02 3.352167619640479757e+02
5.500500000000000256e+01 3.366632980650780382e+02 3.347435311466985013e+02
5.600500000000000256e+01 3.364416226784642276e+02 3.343491668965575059e+02
5.700499999999999545e+01 3.356353977118102421e+02 3.340201164838793488e+02
5.800499999999999545e+01 3.348622983624436529e+02 3.336818444712029077e+02
5.900499999999999545e+01 3.345314670183979615e+02 3.331924976612159526e+02
6.000499999999999545e+01 3.337369798083278738e+02 3.323672653682914415e+02
6.100499999999999545e+01 3.329518690196907755e+02 3.318805276065241969e+02
6.200499999999999545e+01 3.326326977192602499e+02 3.314972452049363483e+02
6.300500000000000256e+01 3.313585182360447448e+02 3.309016582157302082e+02
6.400499999999999545e+01 3.307428360436354069e+02 3.301799492092503669e+02
6.500499999999999545e+01 3.303349553689190543e+02 3.297447547449111767e+02
6.600499999999999545e+01 3.293196340967086257e+02 3.293463797741310373e+02
6.700500000000000966e+01 3.288878972089785861e+02 3.284122149377555502e+02
6.800500000000000966e+01 3.285513144667589813e+02 3.275421955400087199e+02
6.900500000000000966e+01 3.273351532806565842e+02 3.270905293460309053e+02
7.000499999999999545e+01 3.268115945708271965e+02 3.267283330282394900e+02
7.100499999999999545e+01 3.263859805630626738e+02 3.263660873268210594e+02
7.200499999999999545e+01 3.252524046146263004e+02 3.256205215008971550e+02
7.300499999999999545e+01 3.247587722521192859e+02 3.247496416108190260e+02
7.400499999999999545e+01 3.241011936416162484e+02 3.243215278732409388e+02
7.500499999999999545e+01 3.233412309843620847e+02 3.236116418358597571e+02
7.600499999999999545e+01 3.227145065155737029e+02 3.227800944435367683e+02
7.700499999999999545e+01 3.219503361069122320e+02 3.223807718131625961e+02
7.800499999999999545e+01 3.212444027212905553e+02 3.218722078567474796e+02
7.900500000000000966e+01 3.207921027546229311e+02 3.202680518206051374e+02
8.000500000000000966e+01 3.198281330102689708e+02 3.197773290426663948e+02
8.100500000000000966e+01 3.191229056343879620e+02 3.193996457366604318e+02
8.200499999999999545e+01 3.183528602437939412e+02 3.190306012462887111e+02
8.300499999999999545e+01 3.174086415231020624e+02 3.177721697400015159e+02
8.400499999999999545e+01 3.162917704427705985e+02 3.172995427319642658e+02
8.500499999999999545e+01 3.156845451611466729e+02 3.159633272641316921e+02
8.600499999999999545e+01 3.146650724533570269e+02 3.154026323305550363e+02
8.700499999999999545e+01 3.137209205862433805e+02 3.150977056558571689e+02
8.800499999999999545e+01 3.130686427228569642e+02 3.148115099556184759e+02
8.900499999999999545e+01 3.123867553046483749e+02 3.128581463626063623e+02
9.000499999999999545e+01 3.113673426066372372e+02 3.125081294927060753e+02
9.100499999999999545e+01 3.107062718216377561e+02 3.112132230253873786e+02
9.200500000000000966e+01 3.101201328294685027e+02 3.106649563975055912e+02
9.300500000000000966e+01 3.088837924807895661e+02 3.103789270375511933e+02
9.400500000000000966e+01 3.079061148668034775e+02 3.100599613636770187e+02
9.500499999999999545e+01 3.071027021180370866e+02 3.079497822740316906e+02
9.600499999999999545e+01 3.065153146277306746e+02 3.076464806619371757e+02
9.700499999999999545e+01 3.053975920267461106e+02 3.061989853528660319e+02
9.800499999999999545e+01 3.046137142145724965e+02 3.058283589322884950e+02
9.900499999999999545e+01 3.046527937099926362e+02 3.055256357671373166e+02
-9.999500000000000455e+01 3.047509088926007621e+02 3.055256313235985886e+02
-9.899500000000000455e+01 3.049471111540897255e+02 3.055256313235985886e+02
-9.799500000000000455e+01 3.052413432418478010e+02 3.055256313235985886e+02
-9.699500000000000455e+01 3.053975920267461106e+02 3.055256313235985886e+02
-9.599499999999999034e+01 3.061033499094288572e+02 3.058283576682783291e+02
-9.499499999999999034e+01 3.064743363154170765e+02 3.061812095437691710e+02
-9.399499999999999034e+01 3.067885361700418798e+02 3.075891426318231083e+02
-9.299500000000000455e+01 3.073189430508247142e+02 3.079497817605532646e+02
-9.199500000000000455e+01 3.083181529088342927e+02 3.097462531783405097e+02
-9.099500000000000455e+01 3.088889426131076448e+02 3.102269713408998086e+02
-8.999500000000000455e+01 3.094186167768635869e+02 3.105309016245298608e+02
-8.899500000000000455e+01 3.102803580786394377e+02 3.108416240002389941e+02
-8.799500000000000455e+01 3.107902424766524518e+02 3.122037583472130109e+02
-8.699500000000000455e+01 3.115937340153686250e+02 3.125934698667175553e+02
-8.599500000000000455e+01 3.124948902939565869e+02 3.130382848040838439e+02
-8.499500000000000455e+01 3.131438757192100297e+02 3.147970989509068431e+02
-8.399500000000000455e+01 3.138116056029356287e+02 3.150977052381916792e+02
-8.299499999999999034e+01 3.146733674761946986e+02 3.153954572380918080e+02
-8.199499999999999034e+01 3.153796843990666048e+02 3.158702160647702044e+02
-8.099499999999999034e+01 3.162030111317656633e+02 3.171824368766413045e+02
-7.999500000000000455e+01 3.169462869646706622e+02 3.175571476579344790e+02
-7.899500000000000455e+01 3.179291121799391817e+02 3.185721634501344965e+02
-7.799500000000000455e+01 3.186725016212918149e+02 3.192377290325583772e+02
-7.699500000000000455e+01 3.194148130978171025e+02 3.195455717775346329e+02
-7.599500000000000455e+01 3.201888287647543621e+02 3.198534514911103770e+02
-7.499500000000000455e+01 3.209271863698591005e+02 3.204223444972993775e+02
-7.399500000000000455e+01 3.216493529268287261e+02 3.218285965027620819e+02
-7.299500000000000455e+01 3.223992384011763761e+02 3.223177951642334733e+02
-7.199500000000000455e+01 3.231450763665253589e+02 3.226873996546101466e+02
-7.099499999999999034e+01 3.241735192220219801e+02 3.231951242160722018e+02
-6.999499999999999034e+01 3.246134066943157563e+02 3.240726585204415073e+02
-6.899499999999999034e+01 3.253536620453401724e+02 3.244881163333678842e+02
-6.799500000000000455e+01 3.258786305248842154e+02 3.249381789101089453e+02
-6.699500000000000455e+01 3.266878271494020964e+02 3.258622517285699018e+02
-6.599500000000000455e+01 3.272957074530403929e+02 3.263815315051701873e+02
-6.499500000000000455e+01 3.276954253791475367e+02 3.267160333343228444e+02
-6.399500000000000455e+01 3.285040174853898520e+02 3.270502402555904951e+02
-6.299500000000000455e+01 3.290070627117966637e+02 3.274572861923623464e+02
-6.199499999999999744e+01 3.294076935524529404e+02 3.279636223645564428e+02
-6.099499999999999744e+01 3.303076885144299126e+02 3.290014758921706175e+02
-5.999499999999999744e+01 3.308069711727019921e+02 3.294782993445229522e+02
-5.899499999999999744e+01 3.312032717900550551e+02 3.298350267704481098e+02
-5.799499999999999744e+01 3.321957764654407583e+02 3.302096868837486454e+02
-5.699499999999999744e+01 3.322717266994646366e+02 3.308272942138131612e+02
-5.599499999999999744e+01 3.327320759835228614e+02 3.313513791467819942e+02
-5.499500000000000455e+01 3.335143031556037272e+02 3.317262278262251698e+02
-5.399500000000000455e+01 3.337518939330008152e+02 3.320785694529133139e+02
-5.299500000000000455e+01 3.343057511065471203e+02 3.325675311760891191e+02
-5.199500000000000455e+01 3.347299525356970094e+02 3.331894820451587975e+02
-5.099500000000000455e+01 3.348031507901069972e+02 3.336000082863533862e+02
-4.999499999999999744e+01 3.356993994543170743e+02 3.338979656450605376e+02
-4.899499999999999744e+01 3.360150220235357210e+02 3.341948976842695060e+02
-4.799499999999999744e+01 3.361612436247286837e+02 3.345254595701593985e+02
-4.699499999999999744e+01 3.366461266031959099e+02 3.349180165821533137e+02
-4.599500000000000455e+01 3.368395566015656186e+02 3.353032223047446223e+02
-4.499500000000000455e+01 3.371800293136775508e+02 3.358586045686366788e+02
-4.399499999999999744e+01 3.378011706934402696e+02 3.363365507465424571e+02
-4.299499999999999744e+01 3.378011706934402696e+02 3.366871714043516022e+02
-4.199499999999999744e+01 3.383725202583468672e+02 3.369712926348222481e+02
-4.099499999999999744e+01 3.389381495200884160e+02 3.372668036837839622e+02
-3.999500000000000455e+01 3.388779770853999480e+02 3.375771069289811521e+02
-3.899500000000000455e+01 3.392263322551838201e+02 3.379657690025909460e+02
-3.799500000000000455e+01 3.394409786563775242e+02 3.383664728228084755e+02
-3.699499999999999744e+01 3.395340189436378751e+02 3.386706293373096628e+02
-3.599499999999999744e+01 3.401266957856109912e+02 3.389672356702110392e+02
-3.499499999999999744e+01 3.402577747210701773e+02 3.392110532502192655e+02
-3.399499999999999744e+01 3.402577747210701773e+02 3.394457278902571034e+02
-3.299500000000000455e+01 3.407602446100024167e+02 3.397058777570335906e+02
-3.199500000000000099e+01 3.407147929229186047e+02 3.399613088865963277e+02
-3.099500000000000099e+01 3.408946557604455734e+02 3.402265208648834687e+02
-2.999500000000000099e+01 3.412479292188046998e+02 3.404837415805526462e+02
-2.899499999999999744e+01 3.412479292188046998e+02 3.407665464104190391e+02
-2.799499999999999744e+01 3.416736879322272102e+02 3.410429359367813049e+02
-2.699500000000000099e+01 3.418953015452279942e+02 3.413038123805600890e+02
-2.599500000000000099e+01 3.418123615609201238e+02 3.415341193254363930e+02
-2.499500000000000099e+01 3.422972966789435532e+02 3.417432621588876032e+02
-2.399500000000000099e+01 3.422246564504523008e+02 3.419444731415020442e+02
-2.299499999999999744e+01 3.423659516316551503e+02 3.421297476493403451e+02
-2.199500000000000099e+01 3.425801077800756502e+02 3.423092327314499812e+02
-2.099500000000000099e+01 3.425577747210701887e+02 3.424823901306857010e+02
-1.999499999999999744e+01 3.428552123020934914e+02 3.426500555640735115e+02
-1.899500000000000099e+01 3.428940088001697291e+02 3.428122733912551325e+02
-1.799500000000000099e+01 3.429767913787101179e+02 3.429683621097042874e+02
-1.699499999999999744e+01 3.430577747210701887e+02 3.431172307679036066e+02
-1.599500000000000099e+01 3.431976505022597621e+02 3.432577543059305754e+02
-1.499499999999999922e+01 3.431158822895013145e+02 3.433890884220152770e+02
-1.399499999999999922e+01 3.431699407856542621e+02 3.435108724253892660e+02
-1.299500000000000099e+01 3.433926775512617269e+02 3.436232520978451248e+02
-1.199500000000000099e+01 3.432545522643692948e+02 3.437275626713166048e+02
-1.099500000000000099e+01 3.434176308436244085e+02 3.438228651265909548e+02
-9.994999999999999218e+00 3.434953342462294472e+02 3.439098429997148401e+02
-8.995000000000000995e+00 3.434953342462294472e+02 3.439895421593226388e+02
-7.994999999999999218e+00 3.438216205749043297e+02 3.440603940979649451e+02
-6.995000000000000107e+00 3.437066389437928819e+02 3.441234879239428324e+02
-5.995000000000000107e+00 3.437818604946360210e+02 3.441781836435587252e+02
-4.995000000000000107e+00 3.439999999999999432e+02 3.442244332923800698e+02
-3.995000000000000107e+00 3.438216205749043297e+02 3.442623186545118870e+02
-2.995000000000000107e+00 3.440918836679063588e+02 3.442917894043218894e+02
-1.994999999999999885e+00 3.439999999999999432e+02 3.443128315146054774e+02
