0.000000000000000000e+00 3.759999999999999432e+02 1.119174450900301508e+03
5.000000000000000104e-03 3.760511374235491076e+02 1.119174450900301508e+03
1.004999999999999893e+00 3.759999999999999432e+02 1.119174450900301508e+03
2.004999999999999893e+00 3.759999999999999432e+02 1.119174450900301508e+03
3.004999999999999893e+00 3.759999999999999432e+02 1.119174450900301508e+03
4.004999999999999893e+00 3.759999999999999432e+02 1.119174450900301508e+03
5.004999999999999893e+00 3.759999999999999432e+02 1.119174450900301508e+03
6.004999999999999893e+00 3.759577747210701659e+02 1.119174450900301508e+03
7.004999999999999893e+00 3.759345622612415809e+02 1.119174450900301508e+03
8.004999999999999005e+00 3.759577747210701659e+02 1.119174450900301508e+03
9.005000000000000782e+00 3.759999999999999432e+02 1.119174450900301508e+03
1.000500000000000078e+01 3.760511374235491076e+02 1.119174450900301508e+03
1.100499999999999901e+01 3.759577747210701659e+02 1.119174450900301508e+03
1.200500000000000078e+01 3.759577747210701659e+02 1.119174450900301508e+03
1.300499999999999901e+01 3.760511374235491076e+02 1.119174450900301508e+03
1.400500000000000078e+01 3.759577747210701659e+02 1.119174450900301508e+03
1.500499999999999901e+01 3.758683600096674127e+02 1.119174450900301508e+03
1.600499999999999901e+01 3.760315659862571920e+02 1.119174450900301508e+03
1.700499999999999901e+01 3.759999999999999432e+02 1.119174450900301508e+03
1.800499999999999901e+01 3.760315659862571920e+02 1.119174450900301508e+03
1.900499999999999901e+01 3.760511374235491076e+02 1.119174450900301508e+03
2.000499999999999901e+01 3.759999999999999432e+02 1.119174450900301508e+03
2.100499999999999901e+01 3.760315659862571920e+02 1.119174450900301508e+03
2.200499999999999901e+01 3.760315659862571920e+02 1.119174450900301508e+03
2.300499999999999901e+01 3.759999999999999432e+02 1.119174450900301508e+03
2.400500000000000256e+01 3.761277011956333922e+02 1.119174450900301508e+03
2.500499999999999901e+01 3.759999999999999432e+02 1.119174450900301508e+03
2.600499999999999901e+01 3.761277011956333922e+02 1.119174450900301508e+03
2.700500000000000256e+01 3.761277011956333922e+02 1.117780272092465111e+03
2.800500000000000256e+01 3.761577747210702114e+02 1.117440564937655608e+03
2.900499999999999901e+01 3.762487577266952030e+02 1.117780271434739916e+03
3.000499999999999901e+01 3.762487577266952030e+02 1.117501924214354858e+03
3.100499999999999901e+01 3.762225397255342045e+02 1.117468077675107452e+03
3.200500000000000256e+01 3.761577747210702114e+02 1.117386569833252906e+03
3.300500000000000256e+01 3.759577747210701659e+02 1.117468076685213191e+03
3.400500000000000256e+01 3.757769983146657751e+02 1.117368106561160403e+03
3.500499999999999545e+01 3.756975945555115004e+02 1.117471281238728579e+03
3.600499999999999545e+01 3.752545522643692948e+02 1.106529178526696342e+03
3.700499999999999545e+01 3.753069416190898551e+02 1.105919758403773585e+03
3.800500000000000256e+01 3.748577747210702000e+02 1.105295735936372466e+03
3.900500000000000256e+01 3.745778644089724025e+02 1.105593026686774465e+03
4.000500000000000256e+01 3.745778644089724025e+02 1.105329194633889756e+03
4.100500000000000256e+01 3.742616993097753948e+02 1.105295730028809430e+03
4.200499999999999545e+01 3.740055434672297565e+02 1.105362662986630994e+03
4.300499999999999545e+01 3.736896823555364335e+02 1.105618108678065028e+03
4.400500000000000256e+01 3.732060390283797915e+02 1.105362659059149337e+03
4.500500000000000256e+01 3.729344686396973430e+02 1.094052625765802759e+03
4.600500000000000256e+01 3.726205918972612494e+02 1.094069617332906773e+03
4.700500000000000256e+01 3.721299012725895636e+02 1.093757224234129581e+03
4.800499999999999545e+01 3.720315314274345155e+02 1.093429162297979701e+03
4.900499999999999545e+01 3.714233063164828081e+02 1.093445553123945047e+03
5.000500000000000256e+01 3.710447460034599771e+02 1.093478347795199625e+03
5.100500000000000256e+01 3.706342425068511943e+02 1.093156324924388400e+03
5.200500000000000256e+01 3.701397540252414160e+02 1.093371746611632261e+03
5.300500000000000256e+01 3.697436045645690683e+02 1.081610589175935047e+03
5.400500000000000256e+01 3.694326476035216729e+02 1.081591828537332958e+03
5.500500000000000256e+01 3.686632980650780382e+02 1.081280556234513142e+03
5.600500000000000256e+01 3.684416226784642276e+02 1.081610598837303542e+03
5.700499999999999545e+01 3.676353977118102421e+02 1.081610591141715076e+03
5.800499999999999545e+01 3.668622983624436529e+02 1.081610594530308617e+03
5.900499999999999545e+01 3.665314670183979615e+02 1.081554800298647478e+03
6.000499999999999545e+01 3.657369798083278738e+02 1.081326976948519587e+03
6.100499999999999545e+01 3.649518690196907755e+02 1.081328611211713451e+03
6.200499999999999545e+01 3.646326977192602499e+02 1.069493367492149900e+03
6.300500000000000256e+01 3.633585182360447448e+02 1.069515960011568723e+03
6.400499999999999545e+01 3.627428360436354069e+02 1.069485415986108137e+03
6.500499999999999545e+01 3.623349553689190543e+02 1.069485409664385088e+03
6.600499999999999545e+01 3.613196340967086257e+02 1.069432801987077710e+03
6.700500000000000966e+01 3.608878972089785861e+02 1.069782457517259218e+03
6.800500000000000966e+01 3.605513144667589813e+02 1.069782455394616136e+03
6.900500000000000966e+01 3.593351532806565842e+02 1.069782456141553439e+03
7.000499999999999545e+01 3.588115945708271965e+02 1.057687867419995655e+03
7.100499999999999545e+01 3.583859805630626738e+02 1.057726077821023409e+03
7.200499999999999545e+01 3.572524046146263004e+02 1.057377820310621928e+03
7.300499999999999545e+01 3.567587722521192859e+02 1.057642149549533087e+03
7.400499999999999545e+01 3.561011936416162484e+02 1.057416210212246824e+03
7.500499999999999545e+01 3.553412309843620847e+02 1.057697104126697695e+03
7.600499999999999545e+01 3.547145065155737029e+02 1.057387278778142445e+03
7.700499999999999545e+01 3.539503361069122320e+02 1.057682412776680167e+03
7.800499999999999545e+01 3.532444027212905553e+02 1.047948272450671766e+03
7.900500000000000966e+01 3.527921027546229311e+02 1.045584947958684779e+03
8.000500000000000966e+01 3.518281330102689708e+02 1.045657651668480639e+03
8.100500000000000966e+01 3.511229056343879620e+02 1.045630561323512211e+03
8.200499999999999545e+01 3.503528602437939412e+02 1.045572742753175135e+03
8.300499999999999545e+01 3.494086415231020624e+02 1.045684823687352946e+03
8.400499999999999545e+01 3.482917704427705985e+02 1.045639511206529733e+03
8.500499999999999545e+01 3.476845451611466729e+02 1.045931913719650993e+03
8.600499999999999545e+01 3.466650724533570269e+02 1.035346199020296353e+03
8.700499999999999545e+01 3.457209205862433805e+02 1.035594170394643243e+03
8.800499999999999545e+01 3.450686427228569642e+02 1.034224803933025669e+03
8.900499999999999545e+01 3.443867553046483749e+02 1.033848649084400677e+03
9.000499999999999545e+01 3.433673426066372372e+02 1.034217650789260460e+03
9.100499999999999545e+01 3.427062718216377561e+02 1.033594306270317247e+03
9.200500000000000966e+01 3.421201328294685027e+02 1.033942733795232016e+03
9.300500000000000966e+01 3.408837924807895661e+02 1.033601805733510901e+03
9.400500000000000966e+01 3.399061148668034775e+02 1.033600297241139515e+03
9.500499999999999545e+01 3.391027021180370866e+02 1.022712459201976458e+03
9.600499999999999545e+01 3.385153146277306746e+02 1.022694070381898769e+03
9.700499999999999545e+01 3.373975920267461106e+02 1.022996723696619256e+03
9.800499999999999545e+01 3.366137142145724965e+02 1.022689872296237468e+03
9.900499999999999545e+01 3.366527937099926362e+02 1.022625289035823243e+03
-9.999500000000000455e+01 3.367509088926007621e+02 1.022625300697717762e+03
-9.899500000000000455e+01 3.369471111540897255e+02 1.022625300697717762e+03
-9.799500000000000455e+01 3.372413432418478010e+02 1.022625300697717762e+03
-9.699500000000000455e+01 3.373975920267461106e+02 1.022625300697717762e+03
-9.599499999999999034e+01 3.381033499094288572e+02 1.022625300697717762e+03
-9.499499999999999034e+01 3.384743363154170765e+02 1.022625300697717762e+03
-9.399499999999999034e+01 3.387885361700418798e+02 1.022625300697717762e+03
-9.299500000000000455e+01 3.393189430508247142e+02 1.022625300697717762e+03
-9.199500000000000455e+01 3.403181529088342927e+02 1.022625300697717762e+03
-9.099500000000000455e+01 3.408889426131076448e+02 1.022625300697717762e+03
-8.999500000000000455e+01 3.414186167768635869e+02 1.022625300697717762e+03
-8.899500000000000455e+01 3.422803580786394377e+02 1.022625300697717762e+03
-8.799500000000000455e+01 3.427902424766524518e+02 1.022625300697717762e+03
-8.699500000000000455e+01 3.435937340153686250e+02 1.022661935427788876e+03
-8.599500000000000455e+01 3.444948902939565869e+02 1.022721502409823984e+03
-8.499500000000000455e+01 3.451438757192100297e+02 1.022633043728780535e+03
-8.399500000000000455e+01 3.458116056029356287e+02 1.022625284151894903e+03
-8.299499999999999034e+01 3.466733674761946986e+02 1.022689879619428780e+03
-8.199499999999999034e+01 3.473796843990666048e+02 1.022689875403765200e+03
-8.099499999999999034e+01 3.482030111317656633e+02 1.022735196369126356e+03
-7.999500000000000455e+01 3.489462869646706622e+02 1.022735186056493035e+03
-7.899500000000000455e+01 3.499291121799391817e+02 1.033942724188433203e+03
-7.799500000000000455e+01 3.506725016212918149e+02 1.033855572442305629e+03
-7.699500000000000455e+01 3.514148130978171025e+02 1.033947528351793608e+03
-7.599500000000000455e+01 3.521888287647543621e+02 1.033916727154260343e+03
-7.499500000000000455e+01 3.529271863698591005e+02 1.033916727244733693e+03
-7.399500000000000455e+01 3.536493529268287261e+02 1.035295676611940507e+03
-7.299500000000000455e+01 3.543992384011763761e+02 1.035285900293932627e+03
-7.199500000000000455e+01 3.551450763665253589e+02 1.035251668398072979e+03
-7.099499999999999034e+01 3.561735192220219801e+02 1.045630557272558235e+03
-6.999499999999999034e+01 3.566134066943157563e+02 1.045649070973289099e+03
-6.899499999999999034e+01 3.573536620453401724e+02 1.045630555858225307e+03
-6.799500000000000455e+01 3.578786305248842154e+02 1.045572737914705158e+03
-6.699500000000000455e+01 3.586878271494020964e+02 1.045966644407272952e+03
-6.599500000000000455e+01 3.592957074530403929e+02 1.045669723094671326e+03
-6.499500000000000455e+01 3.596954253791475367e+02 1.045978844525635623e+03
-6.399500000000000455e+01 3.605040174853898520e+02 1.047608275756984767e+03
-6.299500000000000455e+01 3.610070627117966637e+02 1.057682409960855011e+03
-6.199499999999999744e+01 3.614076935524529404e+02 1.057400736172334746e+03
-6.099499999999999744e+01 3.623076885144299126e+02 1.057697094115093705e+03
-5.999499999999999744e+01 3.628069711727019921e+02 1.057387276978601903e+03
-5.899499999999999744e+01 3.632032717900550551e+02 1.057361328187984782e+03
-5.799499999999999744e+01 3.641957764654407583e+02 1.057377825920081705e+03
-5.699499999999999744e+01 3.642717266994646366e+02 1.057978012975736419e+03
-5.599499999999999744e+01 3.647320759835228614e+02 1.058316814337840242e+03
-5.499500000000000455e+01 3.655143031556037272e+02 1.069485199834101195e+03
-5.399500000000000455e+01 3.657518939330008152e+02 1.069418037002691790e+03
-5.299500000000000455e+01 3.663057511065471203e+02 1.069447472734077792e+03
-5.199500000000000455e+01 3.667299525356970094e+02 1.069796010025803298e+03
-5.099500000000000455e+01 3.668031507901069972e+02 1.069515957633634798e+03
-4.999499999999999744e+01 3.676993994543170743e+02 1.069774136647606156e+03
-4.899499999999999744e+01 3.680150220235357210e+02 1.069826576900484952e+03
-4.799499999999999744e+01 3.681612436247286837e+02 1.069463444775965854e+03
-4.699499999999999744e+01 3.686461266031959099e+02 1.081617503805123533e+03
-4.599500000000000455e+01 3.688395566015656186e+02 1.081306031685767948e+03
-4.499500000000000455e+01 3.691800293136775508e+02 1.081299397486005091e+03
-4.399499999999999744e+01 3.698011706934402696e+02 1.081610587018004253e+03
-4.299499999999999744e+01 3.698011706934402696e+02 1.081610585196016700e+03
-4.199499999999999744e+01 3.703725202583468672e+02 1.081655804097292958e+03
-4.099499999999999744e+01 3.709381495200884160e+02 1.081875717724401738e+03
-3.999500000000000455e+01 3.708779770853999480e+02 1.081623784364079711e+03
-3.899500000000000455e+01 3.712263322551838201e+02 1.093174875136400715e+03
-3.799500000000000455e+01 3.714409786563775242e+02 1.093486112803430842e+03
-3.699499999999999744e+01 3.715340189436378751e+02 1.093161390210303580e+03
-3.599499999999999744e+01 3.721266957856109912e+02 1.093133905488070241e+03
-3.499499999999999744e+01 3.722577747210701773e+02 1.093757240551302630e+03
-3.399499999999999744e+01 3.722577747210701773e+02 1.093429166151682921e+03
-3.299500000000000455e+01 3.727602446100024167e+02 1.093494975796535982e+03
-3.199500000000000099e+01 3.727147929229186047e+02 1.093757227654922417e+03
-3.099500000000000099e+01 3.728946557604455734e+02 1.094061741193013177e+03
-2.999500000000000099e+01 3.732479292188046998e+02 1.098262007398494234e+03
-2.899499999999999744e+01 3.732479292188046998e+02 1.105282537699952627e+03
-2.799499999999999744e+01 3.736736879322272102e+02 1.105200656124638726e+03
-2.699500000000000099e+01 3.738953015452279942e+02 1.105295727492047490e+03
-2.599500000000000099e+01 3.738123615609201238e+02 1.105329179137696883e+03
-2.499500000000000099e+01 3.742972966789435532e+02 1.105295724620119927e+03
-2.399500000000000099e+01 3.742246564504523008e+02 1.105559525359212557e+03
-2.299499999999999744e+01 3.743659516316551503e+02 1.105295737726325115e+03
-2.199500000000000099e+01 3.745801077800756502e+02 1.105905079025901159e+03
-2.099500000000000099e+01 3.745577747210701887e+02 1.107479901210150274e+03
-1.999499999999999744e+01 3.748552123020934914e+02 1.108728139426378448e+03
-1.899500000000000099e+01 3.748940088001697291e+02 1.108728144366856668e+03
-1.799500000000000099e+01 3.749767913787101179e+02 1.111068822694903702e+03
-1.699499999999999744e+01 3.750577747210701887e+02 1.111693064424330259e+03
-1.599500000000000099e+01 3.751976505022597621e+02 1.112629459957155177e+03
-1.499499999999999922e+01 3.751158822895013145e+02 1.112595753026148714e+03
-1.399499999999999922e+01 3.751699407856542621e+02 1.116999786095863328e+03
-1.299500000000000099e+01 3.753926775512617269e+02 1.116999786414552091e+03
-1.199500000000000099e+01 3.752545522643692948e+02 1.117468070092961625e+03
-1.099500000000000099e+01 3.754176308436244085e+02 1.117468071052277537e+03
-9.994999999999999218e+00 3.754953342462294472e+02 1.117386565822047714e+03
-8.995000000000000995e+00 3.754953342462294472e+02 1.117468070170789588e+03
-7.994999999999999218e+00 3.758216205749043297e+02 1.117468079678478034e+03
-6.995000000000000107e+00 3.757066389437928819e+02 1.118092488009815725e+03
-5.995000000000000107e+00 3.757818604946360210e+02 1.118092493787896501e+03
-4.995000000000000107e+00 3.759999999999999432e+02 1.118404681096685636e+03
-3.995000000000000107e+00 3.758216205749043297e+02 1.118716888785965921e+03
-2.995000000000000107e+00 3.760918836679063588e+02 1.119029097301499405e+03
-1.994999999999999885e+00 3.759999999999999432e+02 1.119029112810437255e+03
